Laboratorio 1 - Frequencimetro

PRIMEIRO 24M DEPOIS 120M
Frequencia: 1 Hz
Frequencia: 172 Hz
Frequencia: 70 Hz
Frequencia: 329 Hz
Frequencia: 60 Hz
Frequencia: 60 Hz
Frequencia: 60 Hz
Frequencia: 60 Hz
Frequencia: 60 Hz
Frequencia: 60 Hz
Frequencia: 60 Hz
Frequencia: 60 Hz
Frequencia: 60 Hz
Frequencia: 720 Hz
Frequencia: 1000 Hz
Frequencia: 1 KHz
Frequencia: 1 KHz
Frequencia: 1 KHz
Frequencia: 1 KHz
Frequencia: 1 KHz
Frequencia: 1 KHz
Frequencia: 1 KHz
Frequencia: 1 KHz
Frequencia: 1 KHz
Frequencia: 1 KHz
Frequencia: 1 KHz
Frequencia: 1 KHz
Frequencia: 1 KHz
Frequencia: 1 KHz
Frequencia: 1 KHz
Frequencia: 1 KHz
Frequencia: 1 KHz
Frequencia: 1 KHz
Frequencia: 1 KHz
Frequencia: 1 KHz
Frequencia: 1 KHz
Frequencia: 1 KHz
Frequencia: 1 KHz
Frequencia: 1 KHz
Frequencia: 1 KHz
Frequencia: 1 KHz
Frequencia: 1 KHz
Frequencia: 1 KHz
Frequencia: 1 KHz
Frequencia: 1 KHz
Frequencia: 1 KHz
Frequencia: 1 KHz
Laboratorio 1 - Frequencimetro
Frequencia: 1000 Hz
Frequencia: 1000 Hz
Laboratorio 1 - Frequencimetro
1000100010001000100010001000100010001000100010001000Laboratorio 1 - Frequencimetro
1000
1000
1000
1000
1000
1000
1000
1000
1000
1
1
1
1
1
1
1
1
1
1
1
1
1
1
1
1
1
1
1
1
1
1
1
1
1
1
1
1
1
1
1
1
1
1
1
1
1
1
1
1
1
1
1
1
1
1
1
1
1
1
1
1
1
1
1
1
1
1
1
1
1
1
1
1
1
1
1
1
1
1
1
1
1
1
1
1
1
1
1
1
1
1
1
1
1
1
1
1
1
1
1
1
1
1
1
1
1
1
1
1
1
1
1
1
1
1
1
1
1
1
1
1
1
1
1
1
1
1
1
1
1
1
1
1
1
1
1
1
1
1
1
1
1
1
1
1
10
10
10
10
10
10
10
10
10
10
10
10
10
10
10
10
10
10
10
10
10
10
10
10
10
10
10
10
10
10
10
10
10
10
10
10
10
10
10
10
10
10
10
10
10
10
10
10
10
10
10
10
10
19
100
100
100
100
100
100
100
100
100
100
100
100
100
100
100
100
100
100
100
100
100
100
100
100
100
100
100
100
100
100
100
100
100
100
100
100
100
100
100
100
100
100
100
100
100
100
100
100
100
100
100
100
100
100
100
100
100
100
100
100
100
983
1000
1000
999
1000
1000
999
1000
999
999
1000
1000
999
1000
1000
1000
999
999
1000
1000
999
1000
999
1000
999
1000
1000
999
1000
1000
999
1000
1000
1000
999
1000
1000
999
1000
1000
1000
1000
1000
1000
1000
999
1000
1000
1000
1000
999
999
1000
999
1000
1000
1000
999
1000
999
999
1000
1000
999
1000
999
1000
1000
1000
1000
999
1000
1000
1000
1000
1000
1000
1000
1000
1000
1000
1000
999
1000
1000
1000
1000
1000
999
1000
1000
999
1000
999
999
1000
999
999
1000
1000
1000
999
1000
999
1000
1000
999
1000
999
999
1000
1000
999
1000
999
1000
1000
1000
1000
999
1000
1000
1000
1000
1000
1000
1000
1000
1000
1000
1000
999
1000
1000
999
1000
1000
999
1000
999
1000
1000
1000
999
1000
1000
999
1000
1000
1000
1000
1000
999
1000
1000
999
1000
1000
999
1000
1000
1000
1000
1000
999
1000
1000
1000
1000
1000
1000
1000
1000
1000
1000
1000
999
1000
1000
999
1000
1000
1000
999
1000
999
1000
1000
999
1000
1000
999
1000
999
1000
1000
1000
1000
999
1000
1000
999
1000
1000
1000
1000
1000
999
1000
1000
999
1000
1000
1000
1000
1000
999
1000
1000
999
1000
1000
999
1000
1000
1000
1000
1000
999
1000
1000
1000
1000
1000
1000
1000
1000
1000
1000
1000
999
1000
1000
999
1000
1000
1000
1000
1000
999
1000
1000
999
1000
999
1000
999
1000
1000
999
1000
1000
999
1000
1000
1000
999
1000
1000
999
1000
1000
1000
1000
1000
1000
1000
999
1000
1000
999
1000
1000
1000
1000
1000
999
1000
1000
999
1000
999
1000
999
1000
1000
999
1000
1000
999
1000
1000
1000
999
1000
1000
999
1000
1000
1000
1000
1000
1000
1000
999
1000
1000
999
1000
1000
1000
1000
1000
999
1000
1000
999
1000
999
1000
999
1000
1000
999
1000
1000
999
1000
1000
1000
999
1000
1000
999
1000
1000
1000
1000
1000
1000
1000
999
1000
1000
1000
1000
1000
1000
1000
1000
1000
1000
1000
1000
1000
1000
1000
1000
1000
1000
1000
1000
1000
1000
1000
1000
1000
1000
1000
1000
1000
1000
1000
1000
1000
1000
1000
1000
1000
1000
1000
1000
1000
1000
1000
1000
1000
1000
1000
1000
1000
1000
1000
1000
1000
1000
1000
1000
1000
1000
1000
1000
1000
1000
1000
1000
1000
1000
1000
1000
1000
1000
1000
1000
1000
1000
1000
1000
1000
1000
1000
1000
1000
1000
1000
1000
1000
1000
1000
1000
1000
1000
1000
1000
1000
1000
1000
1000
1000
1135
1400
1400
1400
1400
1400
1400
1400
1400
1400
1400
1400
1400
1400
1400
1400
1400
1400
1400
1400
1400
1399
1400
1400
1400
1400
1400
1400
1400
1400
1400
1400
1400
1400
1400
1400
1400
1400
1400
1400
1400
1400
1400
1400
1400
1400
1400
1400
1399
1400
1400
1400
1400
1400
1400
1400
1400
1400
1400
1400
1400
1400
1399
1400
1400
1400
1400
1400
1400
1400
1400
1400
1400
1400
1400
1400
1400
1400
1400
1400
1399
1400
1400
1400
1400
1400
1400
1400
1400
1400
1400
1400
1400
1400
1400
1400
1400
1400
1400
1400
1400
1400
1400
1400
1400
1400
1400
1400
1400
1400
1400
1400
1400
1400
1400
1400
1400
1400
1400
1400
1400
1400
1400
1400
1400
1400
1399
1400
Laboratorio 1 - Frequencimetro
1400000
1399999
1399999
1399999
1400000
1400000
1400000
1400000
1400000
48898
1000
1000
1
1
1
1
1
1
1
1
1
1
1
1
1
1
1
1
1
1
1
1
1
1
1
1
1
1
1
1
1
1
1
1
1
1
1
1
1
1
1
1
1
1
1
1
1
1
39
100
100
100
100
100
100
100
100
100
100
100
100
100
100
100
100
100
100
100
100
100
100
100
100
100
100
100
100
100
100
100
100
100
100
100
100
100
100
100
100
100
100
771
1000
1000
1000
1000
1000
1000
1000
1000
1000
1000
1000
1000
1000
1000
1000
1000
1000
1000
1000
1000
1000
1000
1000
1000
1000
1000
1000
1000
1000
1000
1000
1000
1000
1000
1000
1000
1000
1000
1000
1000
1000
1000
1000
1000
1000
1000
1000
1000
1000
1000
1000
1000
1000
1000
1000
1000
1000
1000
1000
1000
1000
1000
1000
1000
1000
1000
1000
1000
1000
1000
1000
1000
1000
1000
1000
1000
1000
1000
1000
1000
1000
1000
1000
1000
1000
1000
1000
1000
1000
1000
1000
1000
1000
1000
1000
1000
1000
1000
1000
1000
1000
1000
1000
1000
1000
1000
1000
1000
1000
1000
1000
1000
1000
1000
1000
1000
1000
1000
1000
1000
1000
1000
1000
1000
1000
1000
1000
1000
1000
1000
1000
1000
1000
1000
1000
1000
1000
1000
1000
1000
1000
1000
1000
1000
1000
1000
1000
1000
1000
1000
1000
1000
1000
1000
1000
1000
1000
1000
1000
1000
1000
1000
1000
1000
1000
1000
1000
1000
1000
1000
1000
1000
1000
1000
1000
1000
1000
1000
1000
1000
1000
1000
1000
1000
1000
1000
1000
1000
1000
1000
1000
1000
1000
1000
1000
1000
1000
1000
1000
1000
1000
1000
1000
1000
1000
1000
1000
1000
1000
1000
1000
1000
1000
1000
1000
1000
7018
7300
7299
7300
7300
7300
7299
7299
7300
7300
7300
7300
7300
7299
7300
7300
7299
7300
7299
7300
7300
7300
7300
7300
7299
7300
7300
7300
7299
7299
7299
7299
7299
7300
7299
7299
7299
7299
7299
7299
7300
7299
7299
7300
7299
7300
7300
7299
7299
7299
7300
7299
7299
7300
7299
7300
7299
7300
7300
7299
7300
7300
7300
7300
7299
7300
7299
7300
7300
7299
7300
7299
7300
7300
7299
7300
7
